180.0
585.0
135.0
162.0
3192.0
27.0
90.0
12566.4
26.0
1536.5
364.8
1755.0
760.0
140.0
120.0
840.0
240.0
285.0
990.0
1094.4
63.0
12566.4
1120.0
960.0
1237.9
1562.5
500.0
440.0
349.0
276.0
2040.0
835.2
70.0
5268.0
1047.0
450.0
997.5
180.0
645.0
780.0
45.0
490.0
1218.0
133.0
149.0
760.0
60.0
50.0
360.0
364.8
640.0
280.0
45.0
900.0
9424.8
320.0
150.0
6597.36
285.0
196.0
500.0
936.9
371.0
1232.5
1035.3
252.0
96.5
105.0
2544.0
6360.0
1800.0
1060.0
360.0
1068.5
94.5
1560.0
570.0
193.0
600.0
156.0
736.0
252.0
328.0
6283.2
200.0
135.1
47.5
870.0
760.0
15708.0
110.0
22.35
855.0
420.0
912.0
380.0
280.0
60.0
195.0
2195.0
936.9
986.0
900.0
1596.0
820.0
310.0
550.0
328.0
174.5
462.0
532.0
135.0
930.0
552.0
1290.0
3936.0
1054.0
138.0
45.0
180.0
180.0
198.75
270.0
140.0
110.0
134.1
380.0
400.0
105.0
700.0
216.0
950.0
199.5
540.0
986.0
456.0
1200.0
67.5
2750.0
540.0
897.54
48.0
3141.6
114.0
1249.2
90.0
130.0
36.0
825.0
1093.05
304.0
683.84
150.0
86.85
547.2
311.2
180.0
380.0
608.0
1380.4
820.0
525.0
74.5
285.0
855.0
114.0
1750.0
180.0
298.0
1650.0
757.8
2475.8
193.0
375.0
2380.0
26.0
200.0
1280.0
159.0
1104.0
455.0
596.0
40.0
546.0
420.0
1060.0
420.0
65.0
397.5
114.0
496.0
1666.0
104.7
500.0
104.4
735.0
75.0
1064.0
84.0
372.5
3400.0
349.0
322.5
498.75
523.5
35.0
270.0
780.0
48.25
530.0
3141.6
360.0
300.0
52.35
450.0
208.6
36.8
129.0
778.0
230.0
37.25
54.0
13194.72
90.0
230.0
360.0
240.0
878.0
108.0
724.92
368.0
341.92
936.9
348.0
315.75
45.0
700.0
152.0
212.0
447.0
360.0
195.0
396.0
180.0
190.0
870.0
427.5
294.0
439.0
1881.0
630.0
480.0
380.0
45.0
30.0
140.0
395.1
500.0
360.0
18.4
111.75
1180.8
36.0
125.0
931.0
520.0
48.0
656.0
1725.5
3141.6
430.0
854.8
1140.0
195.0
456.0
180.0
1392.0
1317.5
1365.0
24.0
22.0
100.0
4456.44
2958.0
60.0
760.0
842.0
138.0
60.0
1237.9
442.05
273.0
252.0
739.5
1520.0
225.0
39.0
493.0
600.0
1972.0
270.0
468.45
280.0
75.0
120.0
1380.0
1479.0
1200.0
348.0
493.0
1288.0
640.0
427.4
1560.0
312.0
364.8
399.0
288.0
126.0
570.0
936.9
912.0
1249.2
640.5
210.5
625.0
360.0
855.0
684.0
342.0
972.0
588.0
311.2
360.0
156.15
1562.5
328.0
3240.0
150.0
187.38
690.0
997.5
1093.05
90.0
350.0
2720.0
315.0
900.0
23.25
300.0
560.0
106.0
742.74
420.0
976.5
168.0
231.6
1800.0
10540.0
28.95
110.4
184.0
466.02
288.0
432.0
720.0
174.0
680.0
442.05
157.5
400.0
825.0
360.0
1380.0
56.0
540.0
232.5
3300.0
65.0
180.0
98.4
810.0
140.0
292.5
180.0
427.4
178.8
337.75
21.5
795.0
110.4
168.0
1282.2
2120.0
1317.0
500.0
280.0
1325.0
1440.0
760.0
1053.0
1080.0
700.0
1050.0
920.0
375.0
1392.0
396.0
30.0
1140.0
30.0
43.0
310.0
38.9
795.0
159.0
192.0
311.2
300.0
252.0
500.0
1104.0
180.0
560.0
191.25
525.0
45.0
1350.0
220.0
2500.0
406.25
170.96
480.0
135.0
1756.0
1360.0
4712.4
252.0
220.0
1050.0
50.0
126.0
66.5
656.0
495.0
2650.0
3944.0
20.0
57.9
932.04
768.0
392.0
530.0
405.0
15708.0
360.0
35.0
2366.4
348.75
2187.5
55.0
892.5
375.0
1495.9
656.0
360.0
532.0
552.0
540.0
900.0
315.0
1375.0
540.0
1560.0
150.0
196.0
756.0
116.7
3100.0
90.0
1053.6
138.0
199.5
1317.5
650.0
1200.0
72.0
1140.0
488.25
442.05
